50 20
00000000001100000011100011000000000000111000000000
00000000000000000110100000010000000000000000000000
00000000000000001101000100011000000000011000000000
10000000110000000100001000010000000010011000000010
10000000111001100010001001100000000111100000000100
00000000011001100000000111000000001110000000000100
00000000110000000000000000000000000010000000000000
01000000010100000000001000000000011011000000111000
01000000010010000000010100000011100001000011101010
01100000001000000000000000000001100001100110111001
11000000001001000000000000000010000000101000101100
11000000000100100000000000000000000000101111011011
00000000000011000000000000000000000000000000010110
00000001100000000000000000000000000000000000000100
00000010010000000000000000000000000000000000000011
00000010100000000000000000000000000000000000000001
00000001000000000000000000010000000000000000000001
00000000000000000000000001001000000000000000000000
00000000000000000000000001001000000000000000000000
00000000000000000000000011000000000000010000000000
